Value
3.8989299665135086
3.584408478343316
3.3806249871582583
3.188497096035449
2.9876374221933415
2.771439695001483
2.5379005551817206
2.2870838990348648
2.0201709024235774
1.7390265149751865
1.4459688652409721
1.1436292204153922
0.8348563210269194
0.522644142286538
0.21007287637750502
-0.09974208572494397
-0.4036959176520629
-0.698736310836798
-0.9819023494930615
-1.2503606364997997
-1.5014387677108798
-1.7326561195354084
-1.9417518414570407
-2.1267099091605397
-2.2857810819983433
-2.417501612676103
-2.5207085722181604
-2.594551676171189
-2.638501526334043
-2.6523542144193737
-2.636232268713936
-2.5905819610238834
-2.516167028154159
-2.4140588991805982
-2.2856235562180047
-2.132505191721143
-1.956606859085972
-1.760068345000351
-1.545241521225684
-1.3146634599150187
-1.071027619872751
-0.817153431063787
-0.5559546209568595
-0.290406638754145
-0.023513542079906666
0.2417252848164193
0.5023482118865349
0.755463877360802
0.9982827770064685
1.228147582138324
1.4425618553912372
1.6392168523161024
1.8160161193051794
1.9710976239312032
2.102853182203092
2.2099449781756966
2.291319004449962
2.3462152869884356
2.374174793955546
2.375042965564344
2.3489698397532948
2.296406786505181
2.2180999013315406
2.1150801454610693
1.9886503561788869
1.8403692851686946
1.6720328552330692
1.4856528560517817
1.283433327353661
1.0677449027233359
0.8410974089723728
0.6061110343428936
0.3654863935871731
0.12197382902572981
-0.12165770608206725
-0.36265183218494623
-0.5982956470182308
-0.8259500035120622
-1.0430788257486638
-1.2472771387403367
-1.436297503435896
-1.6080745673962509
-1.760747463785127
-1.8926798164395713
-2.002477136525682
-2.0890014263286734
-2.151382837728588
-2.1890282665087533
-2.201626798451575
-2.1891519588014297
-2.1518607527151823
-2.0902895203718064
-2.0052466660694797
-1.8978023555028667
-1.7692753090966467
-1.621216851399875
-1.455392406764196
-1.2737606595045432
-1.0784506221674008
-0.8717368781319182
-0.6560132842991847
-0.4337654358754113
-0.20754220805454018
0.020073301377747606
0.24649309895463145
0.46915356057210966
0.6855443052003201
0.8932363534099712
1.089909256098611
1.2733768915454242
1.4416116450193874
1.5927667044217115
1.7251962276322392
1.837473162091708
1.9284045243987131
1.9970439770172654
2.0427015702413436
2.06495054999129
2.063631165453814
2.038851444642812
1.990984940266484
1.920665482450138
1.8287790084992177
1.7164525726162552
1.5850406699428732
1.4361090391332791
1.2714161355479483
1.0928924927775356
0.9026182132859811
0.7027988492463768
0.4957399519138674
0.28382058195158244
0.06946608385018076
-0.14487956515127853
-0.35678151749631726
-0.5638416147669755
-0.7637254332070981
-0.9541885112247112
-1.133101465065777
-1.2984737124163432
-1.4484755403754233
-1.5814582738484018
-1.6959723227097099
-1.7907829108135145
-1.8648833168051864
-1.9175054853940954
-1.948127897959598
-1.9564806227310538
-1.9425474969511631
-1.9065654260339473
-1.8490208173945337
-1.7706431989882319
-1.6723961042864448
-1.555465336080716
-1.421244750800241
-1.2713197326257184
-1.1074485522766981
-0.9315418286575834
-0.7456403323126854
-0.5518913876364182
-0.3525241458158386
-0.1498240123886466
0.05389347804460168
0.2563090420978264
0.455125983080355
0.6480961833652238
0.8330454601704607
1.0078979994277641
1.1706995937665754
1.3196394250613228
1.4530701493032099
1.5695260615604978
1.6677391412480327
1.7466528025763421
1.8054332016070624
1.8434779794984129
1.8604223509582865
1.856142477296079
1.8307560944309282
1.7846203974211268
1.7183272141729486
1.6326955316152651
1.5287614674435586
1.4077658092080811
1.2711392697245536
1.12048563321826
0.9575629899908508
0.7842632784648818
0.6025903719823879
0.41463696350829066
0.2225605142466668
0.02855854198080411
-0.16515646840544676
-0.3563822463432336
-0.5429517228766553
-0.7227575408597459
-0.8937758113398153
-1.0540888488041233
-1.2019066303599104
-1.3355867391648653
-1.4536525703450192
-1.5548095980187333
-1.6379595246506553
-1.702212158525426
-1.746894891373268
-1.7715596757958698
-1.7759874308140975
-1.7601898332607195
-1.72440848253601
-1.6691114560927218
-1.5949873025808314
-1.5029365485271202
-1.3940608224236113
-1.2696497268371951
-1.1311656143308708
-0.9802264463236688
-0.8185869352522187
-0.6481181892970393
-0.47078609529336873
-0.2886286890814342
-0.10373277331746218
0.08178994944931758
0.2658269559068267
0.4462889191761708
0.6211333914344286
0.7883878839178209
0.9461720838814928
1.0927189586491555
1.2263945102494633
1.3457159601462108
1.4493681620373298
1.5362180614064174
1.6053270432187856
1.6559610335984456
1.687598247220444
1.699934499206613
1.6928860282115885
1.6665898058107917
1.6214013359287551
1.5578899765491223
1.47683184400356
1.3792003874283743
1.266154747197106
1.1390260359900197
0.9993017043688264
0.8486081740282564
0.6886919410586072
0.5213993683634576
0.3486554006501101
0.17244144699181024
-0.005227315273487308
-0.18232495568493234
-0.3568378623261886
-0.5267876076019896
-0.6902533487871187
-0.8453935100287976
-0.9904665013625892
-1.1238502419337546
-1.2440602688606628
-1.3497662298654527
-1.4398065767331523
-1.5132012976226756
-1.5691625489977161
-1.6071030722092132
-1.6266423052639198
-1.6276101267624636
-1.6100481960820234
-1.5742088813037227
-1.520551793830552
-1.449737975796071
-1.3626218129196002
-1.260240771119885
-1.143803079667254
-1.0146735066592136
-0.8743573938888576
-0.7244831375021384
-0.5667833179946682
-0.4030746978923283
-0.23523731773065532
-0.06519293056344061
0.10511697791115489
0.27375333248853184
0.4388015225771657
0.5983931167245977
0.7507269915263252
0.8940896362303883
1.0268744043805047
1.1475994964431262
1.2549244723885664
1.347665110465803
1.4248064477225264
1.485513858951169
1.5291420534429796
1.555241892943329
1.5635649592457175
1.554065825651967
1.5269020127664519
1.4824316354834164
1.4212087742679436
1.3439766296249553
1.2516585437046504
1.145346997024117
1.0262907110229456
0.8958800083604258
0.7556306022665339
0.6071660036625203
0.45219874997694204
0.29251067243238354
0.12993242892703716
-0.033677462627144834
-0.19645385060294257
-0.35654619338368043
-0.5121395787659313
-0.6614752804963129
-0.8028706193121866
-0.9347379043990133
-1.0556022422463114
-1.1641180133468283
-1.2590838328801508
-1.3394558292680194
-1.4043590940766826
-1.453097177944005
-1.4851595297801643
-1.5002268001702392
-1.4981739544224213
-1.4790711657758548
-1.4431824846204886
-1.3909623048988529
-1.3230496738683313
-1.240260515818577
-1.1435778638860254
-1.034140216520337
-0.913228156184131
-0.7822493872719555
-0.6427223678005975
-0.4962587249556572
-0.34454465790740935
-0.18932154228655584
-0.03236595921896117
0.1245306222324498
0.2795822770416786
0.4310289377548589
0.5771563587062232
0.7163155046308208
0.846941144549386
0.9675694414349502
1.0768543401633601
1.1735825704581715
1.2566870977968032
1.3252588733588573
1.3785567538580554
1.4160154832770404
1.437251650874488
1.442067563099113
1.4304529909579424
1.4025847786728034
1.3588243238418827
1.2997129635246498
1.2259653244134203
1.1384607182742756
1.038232685873869
0.9264568134085934
0.8044369647852331
0.6735900907513327
0.5354297916427013
0.3915488242301644
0.2436007546572648
0.09328096863989416
-0.05769274315050711
-0.20759980234683828
-0.3547364389050903
-0.4974350428402763
-0.6340830520175316
-0.7631411622079176
-0.8831606539083867
-0.992799641032883
-1.0908380593796934
-1.1761912276174147
-1.2479218302338568
-1.3052501902637612
-1.3475627194387452
-1.374418454456717
-1.3855536101051824
-1.3808841027397905
-1.3605060208549926
-1.3246940429219445
-1.273897826042335
-1.2087364120097126
-1.1299907198205166
-1.038594215281378
-0.9356218688735272
-0.8222775322286032
-0.6998798812278129
-0.5698470896610961
-0.4336804113981825
-0.2929468609744027
-0.14926119225050388
-0.004267382261986647
0.14038016754891394
0.2830354978781863
0.42207981084813984
0.5559398292610325
0.6831055877140919
0.8021474545030083
0.911732192543319
1.0106378790008177
1.0977675168065995
1.1721611865808492
1.233006604521991
1.2796479703358894
1.3115930090685666
1.328518131536434
1.3302716596803579
1.3168750853553801
1.2885223535523533
1.2455771835742466
1.1885684640016387
1.118183779125393
1.0352611456520548
0.940779058660417
0.8358449647786441
0.7216822981472004
0.5996162307368176
0.4710583028248682
0.337490111740307
0.200446247231816
0.06149666988475204
-0.07777126517616992
-0.2157709335699282
-0.3509345090611446
-0.48173076743570425
-0.6066824247660503
-0.7243828138361541
-0.8335117105699995
-0.9328501325031414
-1.0212939435325767
-1.097866113231442
-1.1617274947567857
-1.212186002626916
-1.2487040901989677
-1.2709044463223798
-1.2785738511531544
-1.2716651522509461
-1.2502973436037126
-1.2147537518864382
-1.1654783558141633
-1.1030702856497931
-1.028276570533341
-0.9419832210780981
-0.8452047534075876
-0.73907227827443
-0.6248202949128094
-0.5037723436515337
-0.37732568389536764
-0.24693517472989904
-0.1140965440035008
0.019670761803275094
0.15284095036325773
0.28389928038991474
0.4113592843458542
0.5337796212239224
0.6497803684080178
0.7580585685403045
0.8574028563198803
0.9467070011270051
1.0249822141762577
1.0913680834003103
1.1451420152836074
1.1857270802152506
1.2126981764113904
1.22578644685565
1.2248819037978496
1.210034235905613
1.1814517939447373
1.1394987716349074
1.0846906188507157
1.0176877443806445
0.9392875847915786
0.8504151343549613
0.7521120482656639
0.6455244473321141
0.5318895667581052
0.41252140441248736
0.2887955349515931
0.16213326520068025
0.03398531321721237
-0.09418480162399896
-0.22091746741607868
-0.34477359667551166
-0.46435096235065393
-0.5783000675011668
-0.6853393691042405
-0.78426968431208
-0.8739876172890103
-0.9534978563784698
-1.0219242046524277
-1.078519221722071
-1.1226723708655173
-1.1539165828676126
-1.1719331662674914
-1.1765550127601723
-1.1677680660795866
-1.1457110425773271
-1.110673411676355
-1.0630916641939983
-1.0035439159682473
-0.9327429130649161
-0.8515275228774828
-0.7608528124529138
-0.6617788311942454
-0.5554582295271459
-0.443122858012326
-0.3260695025958386
-0.20564492109192073
-0.08323035348589838
0.039774315852117534
0.1619665624956823
0.28195720990964174
0.3983862188082346
0.509938098505276
0.6153567656667124
0.7134596826817904
0.8031511165692174
0.8834343698241216
0.9534228467656737
1.0123498326204163
1.0595768776122683
1.094600694551347
1.1170584956317606
1.1267317121639553
1.1235480595722733
1.1075819289690652
1.079053105755369
1.0383238347759636
0.9858942703560403
0.9223963678540894
0.8485862909734072
0.7653354257839988
0.6736201080295414
0.574510184655329
0.4691565434325997
0.3587777559287724
0.24464598875672047
0.12807234592368757
0.01039181110706723
-0.10705203725303318
-0.22292236307635782
-0.3359042869364477
-0.44471980440391773
-0.5481422392084057
-0.6450100677992436
-0.734239959543093
-0.814838886209458
-0.8859151654496517
-0.9466883155402726
-0.9964976125907613
-1.0348092565430196
-1.0612220684432314
-1.0754716584544193
-1.077433021706544
-1.0671215371459557
-1.0446923628401916
-1.010438239507986
-0.9647857321687671
-0.9082899575345216
-0.8416278618985241
-0.7655901306162156
-0.6810718256393573
-0.5890618617829113
-0.4906314453161254
-0.38692160993140895
-0.2791299950304802
-0.16849701946860662
-0.05629161032624279
0.05620334913525732
0.16770568547752443
0.2769485474055646
0.38269479789093197
0.4837510226105182
0.5789809960974047
0.6673184536793483
0.7477790256732995
0.8194712003099346
0.8816061933611209
0.9335066152997992
0.9746138408848343
1.0044940011686574
1.0228425338973175
1.029487244925701
1.0243898504129305
1.0076459869969523
0.9794836946730718
0.9402603945181992
0.8904584005122309
0.8306790213158338
0.7616353237817662
0.6841436450250797
0.5991139538869233
0.5075391754404247
0.4104836036626041
0.30907053740660667
0.20446928324394512
0.09788167551551431
-0.009471731039209775
-0.11636563746512305
-0.2215839855584788
-0.3239337920035098
-0.4222586742997173
-0.515451915126626
-0.6024689175572269
-0.6823389109630116
-0.7541757764622028
-0.8171878712405123
-0.8706867428960948
-0.9140946379878926
-0.946950723046531
-0.9689159512750538
-0.9797765238491394
-0.9794459109414871
-0.9679654141557682
-0.9455032687714822
-0.9123523008807212
-0.86892617095064
-0.8157542513840764
-0.7534752010932738
-0.6828293147734092
-0.6046497382984846
-0.5198526543080838
-0.4294265534685587
-0.33442071694991343
-0.23593304424949754
-0.13509736752220142
-0.03307039896893793
0.0689815384653663
0.16989584486311585
0.26852688912976114
0.3637590158881655
0.4545191657849402
0.5397889664381543
0.6186161577871762
0.690125223671952
0.7535271109733025
0.80812792847444
0.8533365296284865
0.8886708964958
0.9137632560952891
0.9283638751325948
0.9323434943542939
0.9256943794542691
0.9085299813455339
0.8810832145255795
0.8437033780236446
0.796851758844369
0.7410959727388108
0.6771031113718219
0.6056317783537659
0.5275231090140802
0.4436908800756685
0.3551108254173629
0.26280928277629484
0.16785130344854937
0.07132836271750867
-0.025654187184712473
-0.12198977733749941
-0.21658325058692518
-0.30836331404923173
-0.39629467404162977
-0.47938971595610985
-0.5567195972865675
-0.6274246292014867
-0.6907238306361936
-0.7459235487571831
-0.7924250507084717
-0.8297310036556814
-0.8574507731552292
-0.8753044836414325
-0.8831257991832411
-0.8808633974481755
-0.8685811248530343
-0.8464568360059108
-0.8147799355785224
-0.7739476555199781
-0.7244601148646846
-0.6669142231354124
-0.6019965013423378
-0.5304749066839612
-0.4531897581307914
-0.3710438699944664
-0.2849920092441819
-0.19602979963424333
-0.10518220157269483
-0.013491701029310452
0.07799365639277267
0.16823224884044763
0.2562007419883301
0.3409056980386828
0.42139479820075476
0.49676755183162447
0.566185371779031
0.6288809031805113
0.6841665019488061
0.7314417693034393
0.7702000598721662
0.8000338929517109
0.8206392093432301
0.8318184296143333
0.8334822835298732
0.8256503945771984
0.8084506178243462
0.7821171436272059
0.7469873937803948
0.7034977504258316
0.6521781712368013
0.5936457569342752
0.5285973489251392
0.45780124564737057
0.3820881359448876
0.3023413563672324
0.21948658660262435
0.13448110322827553
0.04830271653590339
-0.03806148168391
-0.12362642986758195
-0.20742033822795697
-0.2884957317723264
-0.36594016923199185
-0.4388865165725826
-0.5065226593547044
-0.5681005451192396
-0.6229444550962577
-0.6704584137828927
-0.7101326551930358
-0.7415490757284575
-0.7643856155254715
-0.7784195226536977
-0.7835294675376335
-0.7796964882864261
-0.7670037610983035
-0.7456352033980203
-0.7158729307134492
-0.6780936013483653
-0.6327636955138543
-0.5804337875976627
-0.5217318815435944
-0.4573558897550015
-0.38806534541109794
-0.3146724464874026
-0.23803253701002358
-0.15903413706945432
-0.07858863780931101
0.002380219059284019
0.08294695571893214
0.16219494463962297
0.23922684572125036
0.3131747752490681
0.38321009133018136
0.44855268539226284
0.5084796754857622
0.5623334044616521
0.60952865450898
0.6495589989285854
0.6820022222791314
0.7065247510371904
0.7228850485346653
0.730935940037931
0.7306258462723301
0.7219989163284617
0.7051940635667856
0.6804429207182602
0.6480667427166699
0.6084722977519932
0.5621467984677204
0.5096519360091045
0.4516170896426598
0.3887317937979419
0.321737552529575
0.2514190984712241
0.17859519927714604
0.10410911925803318
0.02881884736737863
-0.0464127951514816
-0.12072805330798717
-0.19328402942556835
-0.26326225483543586
-0.3298779333818361
-0.39238875222113845
-0.45010316088377594
-0.5023880261690973
-0.5486755780772578
-0.588469570556461
-0.6213505902548179
-0.6469804566012902
-0.6651056672792404
-0.6755598543722099
-0.6782652280229815
-0.6732329962186172
-0.6605627611591119
-0.6404409044484338
-0.6131379849283015
-0.5790051842242889
-0.5384698458624122
-0.4920301640198695
-0.4402490874809862
-0.3837475130722414
-0.32319685065187714
-0.25931104854429393
-0.19283817406330106
-0.12455164840007064
-0.05524123861334962
0.014296088283108358
0.08326534310783364
0.15088261834271124
0.21638401359567416
0.2790342809007289
0.3381350918416628
0.3930328333794275
0.4431258452075817
0.4878710183810916
0.526789682776013
0.5594727195461167
0.5855848440434583
0.6048680145518993
0.6171439325281298
0.6223156107314575
0.6203679965258582
0.6113676486279755
0.5954614765249818
0.5728745625696697
0.5439070972526109
0.5089304682324657
0.4683825532607699
0.4227622760586262
0.372623492389524
0.3185682809338715
0.26123972002570206
0.2013142367903278
0.13949361966510612
0.0764967886479545
0.013051419866621313
-0.050114477824042665
-0.11228093653617068
-0.17274425681452749
-0.2308249946292077
-0.28587561700792924
-0.33728773981418325
-0.3844988665509087
-0.4269985533543835
-0.464333932461327
-0.49611453429609764
-0.5220163568385205
-0.541785139993286
-0.5552388121802988
-0.5622690861884796
-0.5628421913668995
-0.5569987393484493
-0.5448527305938681
-0.5265897189901715
-0.502464161422019
-0.4727959885457075
-0.43796644182665173
-0.3984132301519702
-0.35462506690708645
-0.3071356552244135
-0.2565171950979218
-0.20337349114455838
-0.14833274392794818
-0.09204011089874274
-0.03515012511868059
0.02168093899676811
0.0778026636655845
0.13257796123279272
0.18539033700176016
0.23565085828536136
0.2828047505642491
0.32633754654597985
0.3657807196633803
0.40071674006074604
0.4307834983108665
0.45567804989568117
0.4751596417732039
0.4890519910425087
0.4972447947022492
0.4996944586687042
0.4964240434674404
0.48752243322885147
0.47314274369354875
0.45349999376264316
0.42886807360770435
0.39957605038766486
0.3660038601131218
0.3285774410672056
0.28776337035923044
0.24406307058422483
0.198006658129239
0.15014650835727641
0.10105061567375724
0.051295828311612994
0.0014610385438569933
-0.04787959105739083
-0.09616328574154814
-0.14284512348774386
-0.18740423199703743
-0.22934964682052636
-0.2682257642467811
-0.30361732790016444
-0.33515389401775325
-0.36251372700059165
-0.38542708399174663
-0.40367885483026456
-0.4171105316729967
-0.42562149076822764
-0.42916957720649396
-0.4277709918641851
-0.4214994880937061
-0.41048489390065596
-0.3949109832865176
-0.37501272803122526
-0.3510729683548057
-0.3234185475478898
-0.2924159617207774
-0.2584665812209532
-0.22200150494889784
-0.18347611271013284
-0.14336438383571057
-0.1021530525518632
-0.06033567196074852
-0.01840665899716347
0.023144607649486216
0.06383956590253083
0.10321605630057325
0.14083364988904465
0.17627865593857725
0.2091687518382612
0.239157182590171
0.2659364830119098
0.28924168196335354
0.30885295457337514
0.324597695468095
0.33635199330618626
0.3440414944181494
0.34764165093261085
0.34717735636036323
0.34272197910327223
0.3343958116691893
0.32236396041720183
0.30683370734528076
0.2880513816848
0.26629878480940594
0.24188921713180736
0.21516316019118822
0.1864836709741352
0.15623154861997307
0.12480033600315897
0.09259122023639076
0.06000789688368916
0.027451462608181994
-0.0046845998900783194
-0.03601928245009376
-0.06618869776772117
-0.09485045483854376
-0.12168771075251461
-0.14641285054772807
-0.16877075188994378
-0.18854159691703068
-0.2055431996020522
-0.2196328233690618
-0.23070847036165254
-0.2387096306328908
-0.24361748651172607
-0.24545457442008076
-0.2442839133821226
-0.24020761630037232
-0.2333650066935208
-0.22393026992449222
-0.212109673927703
-0.19813840001398633
-0.1822770294443276
-0.1648077360885672
-0.1460302396116883
-0.1262575772742199
-0.1058117556481311
-0.08501934644296481
-0.06420709339760929
-0.04369760013609054
-0.02380517253014472
-0.004831894317456675
0.012935977055421587
0.029231193645529657
0.04380815477260368
0.05644483260000462
0.06694374183755226
0.07513156464011447
0.08085675527786247
0.08398385007053369
0.0843818566692093
0.08190072833331079
0.07632031753880078
0.0672229181286493
0.053583498517199055
0.03145692065742396
